 C
 C[0, 0, 0, 0, 0, 0, 0, 0]
 O[0.281179888706503, 0.8260716772957556, 0.24059582584345626, 0.006946968398398495, 1.988563377222366e-05, 5.643134859840394e-09, 1.5875898007479217e-13, 4.427851527235716e-19]
 O[0.281179888706503, 0.8260716772957556, 0.24059582584345626, 0.006946968398398495, 1.988563377222366e-05, 5.643134859840394e-09, 1.5875898007479217e-13, 4.427851527235716e-19]
 H[0.5488954542499677, 0.7388854199870891, 0.09860556785563171, 0.0013045557961370749, 1.7110423450198947e-06, 2.2248243815587545e-10, 2.8679236912484323e-15, 3.6650198117330675e-21]
 H[0.5488954542499677, 0.7388854199870891, 0.09860556785563171, 0.0013045557961370749, 1.7110423450198947e-06, 2.2248243815587545e-10, 2.8679236912484323e-15, 3.6650198117330675e-21]
 O
 C[0.6251702819571525, 0.6864083830841851, 0.07471429644810913, 0.0008062351385340072, 8.624950515481531e-07, 9.147204330939426e-11, 9.617385569572489e-16, 1.002449615271019e-21]
 O[0.0003545338090803421, 0.03925470849078819, 0.4308863488426519, 0.46888959167177896, 0.05058425154123466, 0.0005409995988978119, 5.73608312730113e-07, 6.02935435184583e-11]
 O[0.0003545338090803421, 0.03925470849078819, 0.4308863488426519, 0.46888959167177896, 0.05058425154123466, 0.0005409995988978119, 5.73608312730113e-07, 6.02935435184583e-11]
 H[9.179219674796562e-05, 0.01658014240914724, 0.2968982434588117, 0.5270646371069725, 0.0927592028506059, 0.0016184042699922253, 2.799328734751222e-06, 4.800181594683487e-10]
 H[9.179219674796562e-05, 0.01658014240914724, 0.2968982434588117, 0.5270646371069725, 0.0927592028506059, 0.0016184042699922253, 2.799328734751222e-06, 4.800181594683487e-10]
 O
 C[0.281179888706503, 0.8260716772957556, 0.24059582584345626, 0.006946968398398495, 1.988563377222366e-05, 5.643134859840394e-09, 1.5875898007479217e-13, 4.427851527235716e-19]
 O[0.0003545338090803421, 0.03925470849078819, 0.4308863488426519, 0.46888959167177896, 0.05058425154123466, 0.0005409995988978119, 5.73608312730113e-07, 6.02935435184583e-11]
 O[0.0003545338090803421, 0.03925470849078819, 0.4308863488426519, 0.46888959167177896, 0.05058425154123466, 0.0005409995988978119, 5.73608312730113e-07, 6.02935435184583e-11]
 H[0.925713406854818, 0.23296975802971553, 0.005812452574476879, 1.4376599513606645e-05, 3.5252490644853384e-09, 8.569595360658573e-14, 2.0652265731446532e-19, 4.9341457242351106e-26]
 H[0.925713406854818, 0.23296975802971553, 0.005812452574476879, 1.4376599513606645e-05, 3.5252490644853384e-09, 8.569595360658573e-14, 2.0652265731446532e-19, 4.9341457242351106e-26]
 H
 C[0.9167025422395227, 0.33929603460573565, 0.012449904239280005, 4.528872733228502e-05, 1.6332441113773084e-08, 5.839141022070791e-13, 2.069587086484738e-18, 7.272024382005152e-25]
 O[0.0031592573878481225, 0.14329650078499812, 0.6443517903860388, 0.2872416233915917, 0.012694294931076154, 5.5616886717612406e-05, 2.4156924593822743e-08, 1.0401919570810305e-12]
 O[0.0031592573878481225, 0.14329650078499812, 0.6443517903860388, 0.2872416233915917, 0.012694294931076154, 5.5616886717612406e-05, 2.4156924593822743e-08, 1.0401919570810305e-12]
 H[0.2247591844472224, 0.812989120474652, 0.2915337901716393, 0.010364060572047033, 3.65264836140723e-05, 1.2762115360166136e-08, 4.4205300360142815e-13, 1.5179690063502362e-18]
 H[0.2247591844472224, 0.812989120474652, 0.2915337901716393, 0.010364060572047033, 3.65264836140723e-05, 1.2762115360166136e-08, 4.4205300360142815e-13, 1.5179690063502362e-18]
 H
 C[0.5488954542499677, 0.7388854199870891, 0.09860556785563171, 0.0013045557961370749, 1.7110423450198947e-06, 2.2248243815587545e-10, 2.8679236912484323e-15, 3.6650198117330675e-21]
 O[0.925713406854818, 0.23296975802971553, 0.005812452574476879, 1.4376599513606645e-05, 3.5252490644853384e-09, 8.569595360658573e-14, 2.0652265731446532e-19, 4.9341457242351106e-26]
 O[0.925713406854818, 0.23296975802971553, 0.005812452574476879, 1.4376599513606645e-05, 3.5252490644853384e-09, 8.569595360658573e-14, 2.0652265731446532e-19, 4.9341457242351106e-26]
 H[0.2247591844472224, 0.812989120474652, 0.2915337901716393, 0.010364060572047033, 3.65264836140723e-05, 1.2762115360166136e-08, 4.4205300360142815e-13, 1.5179690063502362e-18]
 H[0.2247591844472224, 0.812989120474652, 0.2915337901716393, 0.010364060572047033, 3.65264836140723e-05, 1.2762115360166136e-08, 4.4205300360142815e-13, 1.5179690063502362e-18]
