 C
 C[0, 0, 0, 0, 0, 0, 0, 0]
 O[0.2788193478844494, 0.8258536689799902, 0.24250470924967213, 0.007059503038795359, 2.0373467978305216e-05, 5.828981423686719e-09, 1.6533212974979962e-13, 4.648991239924536e-19]
 O[0.2788193478844494, 0.8258536689799902, 0.24250470924967213, 0.007059503038795359, 2.0373467978305216e-05, 5.828981423686719e-09, 1.6533212974979962e-13, 4.648991239924536e-19]
 H[0.5467750635909674, 0.7402017685205938, 0.09934097444699189, 0.0013217325693438758, 1.7433943993712037e-06, 2.279736118428956e-10, 2.9553600074004603e-15, 3.798158488426197e-21]
 H[0.5467750635909674, 0.7402017685205938, 0.09934097444699189, 0.0013217325693438758, 1.7433943993712037e-06, 2.279736118428956e-10, 2.9553600074004603e-15, 3.798158488426197e-21]
 O
 C[0.6188811369776704, 0.6911090212823313, 0.0765108024279449, 0.0008397225776635117, 9.13662462436151e-07, 9.855362730419535e-11, 1.0538925217976945e-15, 1.1172668447612987e-21]
 O[0.00033749376357533454, 0.038067678876354934, 0.42568066156782264, 0.47189820276336286, 0.051862041036409005, 0.0005650511515479115, 6.103273090803365e-07, 6.535438318597754e-11]
 O[0.00033749376357533454, 0.038067678876354934, 0.42568066156782264, 0.47189820276336286, 0.051862041036409005, 0.0005650511515479115, 6.103273090803365e-07, 6.535438318597754e-11]
 H[0.09614631471004603, 0.6781465339597296, 0.4741888404803551, 0.03287123267896563, 0.0002259006760618795, 1.5390614119057962e-07, 1.0395161644695641e-11, 6.960547847818884e-17]
 H[0.09614631471004603, 0.6781465339597296, 0.4741888404803551, 0.03287123267896563, 0.0002259006760618795, 1.5390614119057962e-07, 1.0395161644695641e-11, 6.960547847818884e-17]
 O
 C[0.2788193478844494, 0.8258536689799902, 0.24250470924967213, 0.007059503038795359, 2.0373467978305216e-05, 5.828981423686719e-09, 1.6533212974979962e-13, 4.648991239924536e-19]
 O[0.00033749376357533454, 0.038067678876354934, 0.42568066156782264, 0.47189820276336286, 0.051862041036409005, 0.0005650511515479115, 6.103273090803365e-07, 6.535438318597754e-11]
 O[0.00033749376357533454, 0.038067678876354934, 0.42568066156782264, 0.47189820276336286, 0.051862041036409005, 0.0005650511515479115, 6.103273090803365e-07, 6.535438318597754e-11]
 H[0.925544660486979, 0.23222992652292937, 0.0057766475201765, 1.424526166520775e-05, 3.4825861794344554e-09, 8.440539217340928e-14, 2.028034742438089e-19, 4.830782317445695e-26]
 H[0.925544660486979, 0.23222992652292937, 0.0057766475201765, 1.424526166520775e-05, 3.4825861794344554e-09, 8.440539217340928e-14, 2.028034742438089e-19, 4.830782317445695e-26]
 H
 C[0.9184059655879891, 0.3340804288572454, 0.012047702968246017, 4.3071931492202506e-05, 1.5265861642723016e-08, 5.363955610757739e-13, 1.868469044418123e-18, 6.452433209560567e-25]
 O[0.003236804109432903, 0.14523903219198334, 0.6460812752842691, 0.2849232184401293, 0.01245676888832938, 5.3990811028530646e-05, 2.3199101997420316e-08, 9.882330543162408e-13]
 O[0.003236804109432903, 0.14523903219198334, 0.6460812752842691, 0.2849232184401293, 0.01245676888832938, 5.3990811028530646e-05, 2.3199101997420316e-08, 9.882330543162408e-13]
 H[0.0015495473767564857, 0.0955488495240799, 0.5840942675317368, 0.35397884220570786, 0.02126711324250316, 0.000126670843190701, 7.479656577353046e-08, 4.378481643477974e-12]
 H[0.0015495473767564857, 0.0955488495240799, 0.5840942675317368, 0.35397884220570786, 0.02126711324250316, 0.000126670843190701, 7.479656577353046e-08, 4.378481643477974e-12]
 H
 C[0.5467750635909674, 0.7402017685205938, 0.09934097444699189, 0.0013217325693438758, 1.7433943993712037e-06, 2.279736118428956e-10, 2.9553600074004603e-15, 3.798158488426197e-21]
 O[0.925544660486979, 0.23222992652292937, 0.0057766475201765, 1.424526166520775e-05, 3.4825861794344554e-09, 8.440539217340928e-14, 2.028034742438089e-19, 4.830782317445695e-26]
 O[0.925544660486979, 0.23222992652292937, 0.0057766475201765, 1.424526166520775e-05, 3.4825861794344554e-09, 8.440539217340928e-14, 2.028034742438089e-19, 4.830782317445695e-26]
 H[0.0015495473767564857, 0.0955488495240799, 0.5840942675317368, 0.35397884220570786, 0.02126711324250316, 0.000126670843190701, 7.479656577353046e-08, 4.378481643477974e-12]
 H[0.0015495473767564857, 0.0955488495240799, 0.5840942675317368, 0.35397884220570786, 0.02126711324250316, 0.000126670843190701, 7.479656577353046e-08, 4.378481643477974e-12]
